100
96
95
104
102
101
110
107
105
106
108
109
115
112
111
114
120
117
116
118
121
123
122
124
127
125
126
129
128
132
131
130
133
139
134
136
135
138
137
141
140
143
142
150
149
148
147
146
145
144
157
151
153
152
156
162
161
159
158
160
165
163
164
166
167
170
168
169
171
174
173
100
96
95
104
102
101
110
107
105
106
108
109
115
112
111
114
113
120
117
116
118
121
123
122
124
127
125
126
129
128
132
131
130
133
139
134
136
135
138
137
141
140
143
142
150
149
148
147
146
145
144
157
151
153
152
156
162
161
159
158
160
165
163
164
166
167
170
168
169
171
174
173
